45.51303000 -73.52736000 11.30000000
45.51307000 -73.52717000 11.10000000
45.51312000 -73.52697000 10.90000000
45.51274000 -73.52673000 12.60000000
45.51237000 -73.52648000 12.10000000
45.51169000 -73.52614000 10.10000000
45.51160000 -73.52608000 9.90000000
45.51152000 -73.52604000 9.90000000
45.51146000 -73.52601000 9.90000000
45.51096000 -73.52573000 9.90000000
45.51089000 -73.52569000 9.90000000
45.51052000 -73.52548000 9.90000000
45.51040000 -73.52542000 9.90000000
45.51030000 -73.52537000 9.90000000
45.51026000 -73.52535000 10.00000000
45.51015000 -73.52530000 10.00000000
45.51000000 -73.52524000 10.00000000
45.50992000 -73.52522000 9.90000000
45.50973000 -73.52516000 9.90000000
45.50966000 -73.52515000 9.90000000
45.50955000 -73.52511000 10.00000000
45.50949000 -73.52509000 10.00000000
45.50942000 -73.52507000 10.00000000
45.50925000 -73.52502000 9.90000000
45.50873000 -73.52486000 9.90000000
45.50872000 -73.52485000 9.90000000
45.50854000 -73.52480000 10.00000000
45.50837000 -73.52475000 9.90000000
45.50819000 -73.52470000 9.90000000
45.50808000 -73.52466000 9.90000000
45.50766000 -73.52454000 9.90000000
45.50759000 -73.52451000 10.00000000
45.50731000 -73.52443000 10.00000000
45.50688000 -73.52430000 9.90000000
45.50664000 -73.52422000 10.00000000
45.50563000 -73.52392000 9.90000000
45.50403000 -73.52344000 10.00000000
45.50388000 -73.52367000 9.90000000
45.50385000 -73.52372000 9.90000000
45.50381000 -73.52376000 9.90000000
45.50376000 -73.52377000 9.90000000
45.50375000 -73.52377000 9.90000000
45.50370000 -73.52377000 9.90000000
45.50364000 -73.52376000 9.90000000
45.50162000 -73.52315000 9.80000000
45.50110000 -73.52299000 9.90000000
45.50109000 -73.52299000 9.90000000
45.50089000 -73.52293000 9.90000000
45.50010000 -73.52269000 9.90000000
45.49999000 -73.52266000 9.90000000
45.49986000 -73.52262000 9.90000000
45.49976000 -73.52260000 9.90000000
45.49968000 -73.52258000 9.90000000
45.49965000 -73.52258000 9.90000000
45.49954000 -73.52256000 9.90000000
45.49943000 -73.52255000 10.00000000
45.49929000 -73.52255000 10.00000000
45.49916000 -73.52255000 9.90000000
45.49899000 -73.52256000 9.90000000
45.49879000 -73.52260000 9.90000000
45.49795000 -73.52274000 9.70000000
45.49790000 -73.52274000 9.70000000
45.49785000 -73.52273000 9.70000000
45.49781000 -73.52271000 9.70000000
45.49778000 -73.52269000 9.70000000
45.49774000 -73.52266000 9.70000000
45.49772000 -73.52261000 9.70000000
45.49750000 -73.52194000 9.70000000
45.49736000 -73.52193000 9.60000000
45.49730000 -73.52194000 9.60000000
45.49724000 -73.52197000 9.60000000
45.49721000 -73.52200000 9.60000000
45.49718000 -73.52202000 9.60000000
45.49712000 -73.52211000 9.60000000
45.49709000 -73.52218000 9.60000000
45.49707000 -73.52227000 9.60000000
45.49707000 -73.52229000 9.60000000
45.49706000 -73.52243000 9.60000000
45.49706000 -73.52244000 9.60000000
45.49708000 -73.52265000 9.60000000
45.49710000 -73.52277000 9.60000000
45.49712000 -73.52288000 9.70000000
45.49712000 -73.52291000 9.70000000
45.49720000 -73.52327000 9.60000000
45.49724000 -73.52348000 9.40000000
45.49725000 -73.52353000 9.40000000
45.49727000 -73.52361000 9.50000000
45.49729000 -73.52369000 9.50000000
45.49730000 -73.52371000 9.60000000
45.49734000 -73.52386000 9.70000000
45.49738000 -73.52399000 9.70000000
45.49743000 -73.52411000 9.50000000
45.49748000 -73.52424000 9.30000000
45.49756000 -73.52442000 9.30000000
45.49769000 -73.52465000 9.30000000
45.49792000 -73.52506000 9.30000000
45.49796000 -73.52512000 9.20000000
45.49861000 -73.52606000 9.40000000
45.49869000 -73.52608000 9.70000000
45.49875000 -73.52604000 9.90000000
45.49890000 -73.52596000 9.80000000
45.49895000 -73.52594000 9.80000000
45.49897000 -73.52594000 9.80000000
45.49902000 -73.52594000 9.80000000
45.49910000 -73.52595000 9.80000000
45.49914000 -73.52596000 9.80000000
45.49917000 -73.52597000 9.80000000
45.49934000 -73.52615000 9.90000000
45.49940000 -73.52622000 10.10000000
45.49964000 -73.52647000 10.80000000
45.49966000 -73.52649000 10.80000000
45.49975000 -73.52659000 10.70000000
45.49983000 -73.52668000 10.60000000
45.49992000 -73.52678000 10.60000000
45.50007000 -73.52700000 10.20000000
45.50008000 -73.52701000 10.20000000
45.50013000 -73.52710000 10.20000000
45.50017000 -73.52719000 10.20000000
45.50022000 -73.52730000 10.30000000
45.50028000 -73.52743000 10.30000000
45.50036000 -73.52758000 10.10000000
45.50040000 -73.52764000 10.00000000
45.50045000 -73.52769000 9.90000000
45.50054000 -73.52780000 9.80000000
45.50062000 -73.52788000 9.80000000
45.50074000 -73.52797000 9.70000000
45.50085000 -73.52801000 9.40000000
45.50095000 -73.52805000 9.20000000
45.50106000 -73.52808000 9.10000000
45.50115000 -73.52811000 9.00000000
45.50116000 -73.52811000 9.00000000
45.50127000 -73.52811000 8.90000000
45.50141000 -73.52811000 9.10000000
45.50148000 -73.52811000 9.20000000
45.50159000 -73.52811000 9.50000000
45.50175000 -73.52810000 10.20000000
45.50187000 -73.52810000 10.50000000
45.50247000 -73.52807000 10.50000000
45.50252000 -73.52808000 10.40000000
45.50258000 -73.52801000 10.30000000
45.50259000 -73.52810000 10.30000000
45.50264000 -73.52812000 10.20000000
45.50268000 -73.52815000 10.10000000
45.50273000 -73.52821000 10.10000000
45.50275000 -73.52826000 10.00000000
45.50277000 -73.52831000 10.00000000
45.50279000 -73.52837000 9.90000000
45.50280000 -73.52843000 9.90000000
45.50279000 -73.52854000 9.90000000
45.50276000 -73.52866000 9.90000000
45.50274000 -73.52877000 9.80000000
45.50273000 -73.52886000 9.80000000
45.50274000 -73.52897000 9.80000000
45.50277000 -73.52910000 9.80000000
45.50278000 -73.52912000 9.90000000
45.50281000 -73.52921000 9.90000000
45.50286000 -73.52930000 9.90000000
45.50290000 -73.52936000 9.90000000
45.50295000 -73.52943000 9.90000000
45.50301000 -73.52949000 9.90000000
45.50309000 -73.52955000 9.90000000
45.50313000 -73.52958000 9.90000000
45.50317000 -73.52960000 9.80000000
45.50324000 -73.52964000 9.60000000
45.50356000 -73.52974000 9.30000000
45.50375000 -73.52979000 9.70000000
45.50387000 -73.52981000 9.70000000
45.50414000 -73.52985000 9.60000000
45.50424000 -73.52986000 9.60000000
45.50484000 -73.52991000 9.70000000
45.50510000 -73.52994000 9.70000000
45.50527000 -73.52994000 9.50000000
45.50554000 -73.52994000 9.00000000
45.50563000 -73.52994000 8.90000000
45.50580000 -73.52992000 9.10000000
45.50609000 -73.52990000 9.60000000
45.50649000 -73.52985000 9.60000000
45.50658000 -73.52984000 9.60000000
45.50671000 -73.52981000 9.70000000
45.50688000 -73.52978000 9.70000000
45.50700000 -73.52975000 9.70000000
45.50712000 -73.52971000 9.70000000
45.50724000 -73.52967000 9.60000000
45.50735000 -73.52964000 9.60000000
45.50750000 -73.52958000 9.90000000
45.50775000 -73.52947000 9.90000000
45.50782000 -73.52945000 9.90000000
45.50784000 -73.52944000 9.90000000
45.50790000 -73.52941000 9.90000000
45.50797000 -73.52938000 9.80000000
45.50798000 -73.52938000 9.80000000
45.50802000 -73.52936000 9.80000000
45.50803000 -73.52936000 9.80000000
45.50813000 -73.52932000 9.90000000
45.50857000 -73.52914000 9.70000000
45.50866000 -73.52910000 9.80000000
45.50868000 -73.52908000 9.80000000
45.50869000 -73.52907000 9.80000000
45.50870000 -73.52904000 9.90000000
45.50871000 -73.52902000 9.90000000
45.50871000 -73.52899000 9.90000000
45.50872000 -73.52890000 9.90000000
45.50872000 -73.52885000 9.90000000
45.50872000 -73.52877000 9.90000000
45.50872000 -73.52871000 9.90000000
45.50874000 -73.52862000 9.90000000
45.50877000 -73.52854000 9.90000000
45.50884000 -73.52838000 9.90000000
45.50893000 -73.52827000 9.90000000
45.50898000 -73.52822000 9.90000000
45.50902000 -73.52819000 9.90000000
45.50908000 -73.52815000 9.90000000
45.50924000 -73.52807000 9.90000000
45.50939000 -73.52801000 9.90000000
45.50948000 -73.52798000 9.90000000
45.50963000 -73.52792000 9.90000000
45.50966000 -73.52791000 9.90000000
45.51018000 -73.52772000 9.90000000
45.51024000 -73.52770000 9.90000000
45.51030000 -73.52768000 9.90000000
45.51105000 -73.52747000 9.90000000
45.51108000 -73.52747000 9.90000000
45.51131000 -73.52740000 10.10000000
45.51162000 -73.52734000 11.70000000
45.51173000 -73.52733000 12.50000000
45.51180000 -73.52732000 13.00000000
45.51194000 -73.52731000 13.80000000
45.51196000 -73.52731000 13.90000000
45.51202000 -73.52730000 14.30000000
45.51235000 -73.52730000 14.30000000
45.51251000 -73.52731000 13.70000000
45.51263000 -73.52731000 13.30000000
45.51274000 -73.52733000 12.70000000
45.51284000 -73.52735000 12.30000000
45.51295000 -73.52738000 11.70000000
45.51298000 -73.52738000 11.50000000
45.51299000 -73.52737000 11.50000000
45.51301000 -73.52737000 11.40000000
