45.514739	-73.59077	91.9
45.514729	-73.590761	91.8993648960739
45.514705	-73.590735	91.89872979214782
45.5147	-73.590727	91.99809468822171
45.514679	-73.590722	91.99745958429561
45.514676	-73.590704	92.0968244803695
45.514648	-73.590677	92.19618937644343
45.514633	-73.590661	92.19555427251733
45.51462	-73.590654	92.29491916859122
45.514608	-73.59064	92.39428406466513
45.514596	-73.590629	92.39364896073904
45.514592	-73.590619	92.49301385681294
45.514589	-73.590609	92.49237875288684
45.514585	-73.590599	92.49174364896074
45.514563	-73.590572	92.69110854503465
45.514554	-73.590564	92.79047344110855
45.514535	-73.590569	92.88983833718245
45.514528	-73.590549	92.98920323325635
45.514525	-73.590528	93.08856812933026
45.514519	-73.590515	93.08793302540415
45.514513	-73.590503	93.18729792147806
45.514507	-73.590491	93.28666281755196
45.514489	-73.590462	93.48602771362587
45.514481	-73.590448	93.58539260969977
45.514474	-73.590435	93.68475750577367
45.514466	-73.590421	93.78412240184757
45.514436	-73.590409	93.98348729792149
45.514432	-73.590392	94.08285219399538
45.514419	-73.590399	94.18221709006929
45.514422	-73.590387	94.28158198614318
45.51442	-73.590375	94.2809468822171
45.514393	-73.590364	94.58031177829099
45.514385	-73.590348	94.6796766743649
45.514381	-73.590323	94.77904157043879
45.514375	-73.590306	94.87840646651271
45.514373	-73.590296	94.97777136258661
45.514369	-73.590279	95.0771362586605
45.514344	-73.590261	95.2765011547344
45.514323	-73.590231	95.57586605080832
45.514316	-73.590223	95.57523094688221
45.51431	-73.590202	95.77459584295612
45.514308	-73.590183	95.87396073903003
45.514286	-73.590174	96.07332563510393
45.514279	-73.590163	96.07269053117783
45.514259	-73.590172	96.27205542725173
45.514261	-73.590163	96.37142032332564
45.514263	-73.590143	96.47078521939954
45.514261	-73.590125	96.57015011547344
45.514265	-73.590119	96.56951501154734
45.514252	-73.590105	96.76887990762124
45.514236	-73.590091	96.86824480369516
45.514204	-73.590064	97.16760969976906
45.514187	-73.590026	97.46697459584296
45.514173	-73.590017	97.56633949191685
45.514171	-73.589968	97.86570438799077
45.51417	-73.589953	97.96506928406467
45.514158	-73.589955	98.06443418013856
45.514154	-73.589933	98.16379907621247
45.514149	-73.58991	98.26316397228638
45.514139	-73.589889	98.46252886836028
45.514134	-73.589872	98.56189376443417
45.514129	-73.589855	98.66125866050808
45.514116	-73.589842	98.76062355658199
45.514107	-73.589833	98.8599884526559
45.514098	-73.589823	98.95935334872979
45.51408	-73.589801	99.05871824480369
45.514074	-73.589796	99.15808314087761
45.514068	-73.589791	99.2574480369515
45.514058	-73.589761	99.35681293302541
45.51404	-73.589764	99.5561778290993
45.51403	-73.589728	99.75554272517321
45.51402	-73.589724	99.85490762124712
45.514014	-73.589718	99.85427251732102
45.514004	-73.58972	99.95363741339492
45.513993	-73.589697	100.15300230946883
45.513982	-73.58968	100.25236720554273
45.513975	-73.589657	100.35173210161663
45.513965	-73.589644	100.45109699769053
45.513957	-73.58963	100.55046189376444
45.51394	-73.589624	100.74982678983834
45.513928	-73.589614	100.84919168591225
45.513912	-73.589609	100.94855658198614
45.5139	-73.589607	101.04792147806005
45.513883	-73.589592	101.24728637413395
45.513874	-73.589576	101.34665127020786
45.513864	-73.589556	101.44601616628175
45.513857	-73.58954	101.54538106235566
45.513845	-73.589515	101.74474595842956
45.513835	-73.589497	101.94411085450346
45.513832	-73.589477	102.04347575057736
45.513831	-73.589458	102.14284064665128
45.513816	-73.58944	102.34220554272518
45.513811	-73.589424	102.44157043879908
45.513807	-73.589401	102.54093533487297
45.5138	-73.589388	102.64030023094689
45.513799	-73.589367	102.73966512702079
45.513788	-73.589358	102.93903002309469
45.513773	-73.589333	103.13839491916859
45.513763	-73.589328	103.2377598152425
45.513754	-73.589323	103.2371247113164
45.513758	-73.589299	103.4364896073903
45.513737	-73.589286	103.6358545034642
45.513723	-73.58927	103.83521939953812
45.513707	-73.589269	103.93458429561201
45.51369	-73.589268	104.13394919168591
45.513651	-73.589236	104.5333140877598
45.513623	-73.589212	104.83267898383373
45.513591	-73.589176	105.13204387990763
45.51358	-73.589159	105.33140877598153
45.513531	-73.589162	105.73077367205542
45.513507	-73.589157	106.03013856812933
45.513492	-73.58911	106.32950346420324
45.51348	-73.589094	106.42886836027714
45.513444	-73.58911	106.82823325635104
45.513433	-73.589119	106.92759815242495
45.513404	-73.58912	107.22696304849885
45.513378	-73.589096	107.42632794457275
45.513347	-73.589081	107.72569284064664
45.513312	-73.589073	108.12505773672056
45.5133	-73.589072	108.22442263279446
45.513271	-73.589101	108.52378752886835
45.513259	-73.589107	108.62315242494226
45.513228	-73.589126	109.02251732101617
45.513218	-73.589132	109.12188221709008
45.513188	-73.589123	109.32124711316398
45.513159	-73.589168	109.72061200923787
45.513148	-73.589193	109.91997690531178
45.513127	-73.589218	110.21934180138568
45.513117	-73.589227	110.31870669745959
45.513099	-73.589276	110.61807159353349
45.513088	-73.589312	110.9174364896074
45.51307	-73.589361	111.2168013856813
45.513065	-73.589386	111.4161662817552
45.513046	-73.589434	111.71553117782909
45.513038	-73.589447	111.81489607390301
45.513025	-73.589503	112.2142609699769
45.513022	-73.589523	112.31362586605081
45.513013	-73.589577	112.61299076212471
45.513011	-73.589594	112.71235565819862
45.513008	-73.589643	112.91172055427252
45.513003	-73.589692	113.21108545034642
45.513001	-73.58971	113.31045034642032
45.513012	-73.589763	113.50981524249423
45.513024	-73.589818	113.80918013856814
45.513029	-73.589883	114.10854503464203
45.51303	-73.58991	114.20790993071593
45.513039	-73.589967	114.50727482678984
45.513049	-73.590025	114.80663972286375
45.513052	-73.590051	114.90600461893764
45.513056	-73.590102	115.10536951501155
45.51307	-73.59014	115.30473441108546
45.513081	-73.590187	115.50409930715935
45.513083	-73.590233	115.70346420323325
45.513091	-73.590281	115.90282909930716
45.513097	-73.590322	116.00219399538106
45.513111	-73.590379	116.20155889145497
45.513113	-73.590422	116.40092378752887
45.513133	-73.590475	116.60028868360277
45.513146	-73.590527	116.79965357967669
45.513156	-73.590574	116.99901847575057
45.513164	-73.590629	117.19838337182448
45.513173	-73.590679	117.39774826789838
45.51319	-73.590734	117.5971131639723
45.513198	-73.590784	117.7964780600462
45.513199	-73.59083	117.89584295612009
45.513212	-73.59088	118.095207852194
45.513217	-73.590931	118.29457274826791
45.513221	-73.590979	118.3939376443418
45.513236	-73.591023	118.5933025404157
45.513244	-73.591078	118.79266743648961
45.513253	-73.591125	118.99203233256351
45.513265	-73.591167	119.09139722863742
45.513267	-73.591223	119.29076212471132
45.513291	-73.591274	119.49012702078521
45.513305	-73.591325	119.68949191685913
45.513313	-73.591378	119.88885681293303
45.513316	-73.591428	120.08822170900693
45.513333	-73.591484	120.28758660508083
45.51334	-73.591546	120.58695150115474
45.513345	-73.591598	120.78631639722865
45.513339	-73.591637	120.88568129330254
45.51335	-73.591686	121.08504618937644
45.513358	-73.591745	121.28441108545036
45.51336	-73.591804	121.38377598152425
45.513372	-73.591848	121.58314087759815
45.513386	-73.591898	121.78250577367206
45.513387	-73.591953	121.88187066974596
45.513388	-73.592001	122.08123556581987
45.513396	-73.592055	122.18060046189376
45.513413	-73.592111	122.37996535796766
45.513418	-73.592164	122.57933025404158
45.513426	-73.592216	122.67869515011547
45.513429	-73.592273	122.87806004618938
45.513443	-73.592334	123.07742494226328
45.513457	-73.592381	123.17678983833719
45.513461	-73.592438	123.37615473441109
45.513472	-73.592494	123.57551963048499
45.513486	-73.592553	123.77488452655889
45.513491	-73.5926	123.8742494226328
45.5135	-73.592655	124.0736143187067
45.513498	-73.592709	124.2729792147806
45.513505	-73.592764	124.3723441108545
45.513508	-73.592821	124.57170900692842
45.513511	-73.592874	124.77107390300232
45.513518	-73.592924	124.87043879907621
45.513523	-73.59303	125.26980369515012
45.513522	-73.593088	125.36916859122402
45.513521	-73.593136	125.56853348729793
45.513522	-73.593188	125.66789838337182
45.513523	-73.593244	125.86726327944572
45.513524	-73.5933	125.96662817551963
45.513523	-73.593355	126.16599307159353
45.513516	-73.593404	126.36535796766744
45.513511	-73.593459	126.56472286374134
45.513508	-73.593511	126.66408775981525
45.513503	-73.593566	126.86345265588915
45.513499	-73.593615	127.06281755196305
45.513491	-73.593662	127.26218244803695
45.513481	-73.593723	127.46154734411085
45.51348	-73.593748	127.56091224018476
45.513472	-73.593794	127.76027713625867
45.513466	-73.593847	128.05964203233256
45.513457	-73.593898	128.25900692840648
45.513452	-73.593941	128.45837182448037
45.513442	-73.593992	128.75773672055428
45.513432	-73.594044	128.95710161662817
45.513428	-73.594096	129.25646651270208
45.513415	-73.594137	129.45583140877596
45.513402	-73.59418	129.7551963048499
45.513394	-73.594224	130.05456120092379
45.513387	-73.59427	130.2539260969977
45.513375	-73.59431	130.55329099307158
45.513357	-73.594365	130.8526558891455
45.513351	-73.594388	131.05202078521938
45.513337	-73.59443	131.2513856812933
45.51332	-73.594469	131.55075057736718
45.513311	-73.594508	131.75011547344113
45.5133	-73.594551	132.049480369515
45.513284	-73.594584	132.34884526558892
45.513269	-73.594623	132.64821016166283
45.513257	-73.594663	132.84757505773672
45.513242	-73.594701	133.14693995381063
45.513227	-73.594738	133.4463048498845
45.513205	-73.594765	133.74566974595842
45.513181	-73.594803	134.04503464203233
45.51316	-73.594848	134.44439953810624
45.513145	-73.59486	134.64376443418016
45.513146	-73.594908	134.94312933025404
45.513132	-73.594947	135.24249422632795
45.513114	-73.594983	135.54185912240183
45.513102	-73.595023	135.84122401847574
45.513086	-73.595055	136.14058891454965
45.51307	-73.595088	136.43995381062356
45.513051	-73.595139	136.83931870669747
45.513042	-73.595156	136.93868360277136
45.513032	-73.595197	137.23804849884527
45.513012	-73.595243	137.63741339491918
45.513006	-73.595257	137.73677829099307
45.512984	-73.595306	138.13614318706698
45.512977	-73.595324	138.23550808314087
45.512964	-73.595364	138.53487297921478
45.512951	-73.595398	138.8342378752887
45.512935	-73.595435	139.1336027713626
45.512914	-73.595484	139.4329676674365
45.512907	-73.595503	139.6323325635104
45.512882	-73.595545	140.03169745958428
45.512873	-73.595563	140.1310623556582
45.512845	-73.595603	140.53042725173208
45.512832	-73.595614	140.62979214780603
45.512822	-73.595653	140.9291570438799
45.512816	-73.595695	141.12852193995383
45.512797	-73.595727	141.4278868360277
45.512783	-73.595762	141.62725173210163
45.512753	-73.595799	142.0266166281755
45.512743	-73.595813	142.12598152424943
45.512731	-73.595849	142.4253464203233
45.51271	-73.595895	142.82471131639724
45.512702	-73.595909	142.92407621247114
45.512683	-73.595948	143.22344110854505
45.512672	-73.596	143.62280600461895
45.512664	-73.596015	143.72217090069284
45.512644	-73.596041	144.02153579676673
45.512613	-73.596103	144.52090069284063
45.512591	-73.59615	144.82026558891454
45.512582	-73.596165	145.01963048498845
45.512564	-73.596218	145.41899538106236
45.512556	-73.596235	145.51836027713625
45.512532	-73.596276	145.91772517321016
45.512524	-73.596291	146.01709006928405
45.512514	-73.596328	146.31645496535796
45.512504	-73.596366	146.61581986143187
45.512499	-73.5964	146.91518475750576
45.5125	-73.596413	147.01454965357968
45.512484	-73.596448	147.3139145496536
45.512467	-73.596488	147.6132794457275
45.512444	-73.596513	147.91264434180138
45.512425	-73.596559	148.3120092378753
45.512416	-73.596573	148.41137413394918
45.512387	-73.596565	148.7107390300231
45.512374	-73.596616	149.110103926097
45.512344	-73.596659	149.5094688221709
45.512331	-73.596673	149.70883371824482
45.51231	-73.596701	149.9081986143187
45.512282	-73.596738	150.3075635103926
45.512273	-73.596751	150.4069284064665
45.512241	-73.596785	150.8062933025404
45.51223	-73.596801	150.9056581986143
45.512205	-73.596818	151.20502309468822
45.512179	-73.596834	151.50438799076213
45.512148	-73.596849	151.80375288683604
45.512117	-73.59685	152.10311778290995
45.512088	-73.596852	152.40248267898383
45.512058	-73.596846	152.60184757505775
45.51203	-73.596858	152.90121247113163
45.512	-73.596864	153.20057736720554
45.51196	-73.596873	153.49994226327942
45.511946	-73.596875	153.69930715935337
45.511914	-73.596871	153.89867205542726
45.5119	-73.596871	154.09803695150117
45.511869	-73.596871	154.29740184757506
45.511847	-73.596848	154.59676674364897
45.511818	-73.596851	154.79613163972286
45.511809	-73.596857	154.89549653579675
45.511773	-73.596852	155.19486143187066
45.51176	-73.596847	155.39422632794458
45.511723	-73.596828	155.6935912240185
45.511711	-73.59682	155.79295612009238
45.511689	-73.596786	156.0923210161663
45.51166	-73.596776	156.39168591224018
45.51165	-73.596771	156.49105080831407
45.511632	-73.596743	156.690415704388
45.51161	-73.59671	156.98978060046187
45.511602	-73.596696	157.08914549653582
45.511578	-73.596652	157.4885103926097
45.511562	-73.596623	157.6878752886836
45.511562	-73.596604	157.7872401847575
45.511543	-73.596548	158.1866050808314
45.511536	-73.596528	158.2859699769053
45.511523	-73.596469	158.6853348729792
45.511501	-73.596428	158.9846997690531
45.511481	-73.596385	159.28406466512703
45.511467	-73.596341	159.58342956120094
45.511444	-73.596287	159.98279445727482
45.511432	-73.596266	160.18215935334874
45.511414	-73.596223	160.48152424942262
45.511391	-73.59619	160.78088914549653
45.511374	-73.596155	160.98025404157042
45.511366	-73.596117	161.27961893764433
45.511363	-73.596066	161.57898383371827
45.51136	-73.59605	161.67834872979216
45.511346	-73.596014	161.87771362586605
45.511327	-73.59598	162.17707852193996
45.511302	-73.595938	162.57644341801387
45.511295	-73.595921	162.67580831408776
45.511288	-73.595868	162.97517321016164
45.511276	-73.595851	163.17453810623556
45.511253	-73.595807	163.5739030023095
45.511242	-73.595794	163.6732678983834
45.511222	-73.595765	163.97263279445727
45.511205	-73.595729	164.17199769053119
45.511182	-73.595699	164.47136258660507
45.511164	-73.595652	164.87072748267897
45.511156	-73.595636	164.97009237875287
45.511134	-73.595608	165.26945727482678
45.511124	-73.595569	165.56882217090072
45.511119	-73.595517	165.8681870669746
45.511118	-73.595501	165.9675519630485
45.511095	-73.595454	166.3669168591224
45.511087	-73.595438	166.4662817551963
45.51108	-73.595401	166.7656466512702
45.511068	-73.59536	167.0650115473441
45.511052	-73.595325	167.264376443418
45.511034	-73.59529	167.56374133949194
45.511016	-73.595261	167.86310623556582
45.510983	-73.595237	168.16247113163973
45.510988	-73.595187	168.46183602771362
45.510988	-73.595169	168.66120092378753
45.510986	-73.595122	168.96056581986142
45.510984	-73.595106	169.05993071593534
45.51099	-73.595062	169.35929561200922
45.510986	-73.595048	169.45866050808314
45.51098	-73.595009	169.65802540415706
45.510974	-73.594958	170.05739030023096
45.510971	-73.594943	170.15675519630486
45.510971	-73.59489	170.45612009237874
45.510973	-73.594871	170.55548498845266
45.510967	-73.594828	170.85484988452654
45.510962	-73.594817	170.95421478060044
45.510974	-73.594764	171.35357967667437
45.510966	-73.59471	171.65294457274828
45.510963	-73.594691	171.85230946882217
45.510949	-73.594657	172.0516743648961
45.510948	-73.594609	172.35103926096997
45.510939	-73.594568	172.65040415704388
45.510935	-73.594549	172.74976905311777
45.510929	-73.594502	173.14913394919168
45.510927	-73.594485	173.2484988452656
45.510907	-73.59449	173.4478637413395
45.510919	-73.594441	173.7472286374134
45.510888	-73.594397	174.2465935334873
45.510876	-73.594328	174.7459584295612
45.510912	-73.594294	175.1453233256351
45.510921	-73.594256	175.344688221709
45.510916	-73.594209	175.7440531177829
45.510914	-73.594195	175.84341801385682
45.510904	-73.594151	176.14278290993073
45.5109	-73.594135	176.24214780600462
45.510889	-73.594087	176.54151270207853
45.510884	-73.594069	176.74087759815242
45.510865	-73.594028	177.04024249422633
45.510859	-73.594015	177.13960739030023
45.51084	-73.593987	177.33897228637412
45.510825	-73.59394	177.73833718244805
45.510819	-73.593925	177.83770207852194
45.510806	-73.593891	178.03706697459586
45.510773	-73.593863	178.43643187066974
45.510742	-73.59382	178.83579676674364
45.510726	-73.593805	178.93516166281753
45.510708	-73.593776	179.23452655889145
45.510694	-73.593729	179.53389145496536
45.510696	-73.593709	179.63325635103928
45.510676	-73.593685	179.93262124711316
45.510651	-73.593651	180.23198614318707
45.510634	-73.593614	180.53135103926098
45.510612	-73.593581	180.83071593533487
45.510593	-73.593543	181.13008083140878
45.510588	-73.593528	181.22944572748267
45.510565	-73.593505	181.52881062355658
45.510553	-73.593468	181.8281755196305
45.510546	-73.593457	181.92754041570439
45.510528	-73.593419	182.2269053117783
45.510523	-73.593404	182.3262702078522
45.510503	-73.593366	182.7256351039261
45.510499	-73.593353	182.825
45.510481	-73.593321	183.0243648960739
45.510453	-73.59328	183.4237297921478
45.510443	-73.593265	183.62309468822173
45.510423	-73.593234	183.9224595842956
45.510401	-73.593203	184.22182448036952
45.510403	-73.593178	184.4211893764434
45.510394	-73.593155	184.52055427251733
45.510376	-73.593117	184.9199191685912
45.510362	-73.5931	185.01928406466513
45.510343	-73.593066	185.31864896073904
45.510323	-73.59304	185.61801385681295
45.510318	-73.592995	185.91737875288683
45.510312	-73.592979	186.11674364896075
45.510282	-73.592937	186.51610854503465
45.510268	-73.592921	186.71547344110854
45.510249	-73.592879	187.01483833718245
45.510239	-73.592865	187.21420323325634
45.510218	-73.592834	187.51356812933028
45.510206	-73.592795	187.81293302540416
45.510201	-73.59278	187.91229792147806
45.510185	-73.592742	188.21166281755197
45.510179	-73.592729	188.31102771362586
45.51016	-73.592686	188.71039260969977
45.510154	-73.592675	188.80975750577366
45.510137	-73.592636	189.10912240184757
45.51013	-73.592623	189.2084872979215
45.51011	-73.592588	189.5078521939954
45.510092	-73.592544	189.90721709006928
45.510089	-73.592528	190.0065819861432
45.51007	-73.592486	190.30594688221709
45.510061	-73.592475	190.40531177829098
45.510037	-73.592435	190.80467667436488
45.510028	-73.592421	190.90404157043878
45.510003	-73.592379	191.3034064665127
45.509997	-73.592364	191.4027713625866
45.509976	-73.592323	191.8021362586605
45.509967	-73.592312	191.9015011547344
45.509951	-73.592265	192.20086605080832
45.509944	-73.592253	192.3002309468822
45.509929	-73.592219	192.59959584295612
45.509921	-73.592183	192.79896073903
45.509913	-73.592151	193.09832563510395
45.509893	-73.592099	193.49769053117785
45.509887	-73.592079	193.59705542725175
45.509871	-73.592033	193.89642032332563
45.509864	-73.592019	193.99578521939955
45.50985	-73.591982	194.29515011547343
45.50983	-73.591947	194.59451501154734
45.509825	-73.591943	194.69387990762124
45.509817	-73.591901	194.99324480369518
45.509792	-73.59187	195.29260969976906
45.509769	-73.591831	195.59197459584297
45.509762	-73.591816	195.69133949191686
45.509743	-73.591784	195.99070438799077
45.509718	-73.591737	196.39006928406465
45.509707	-73.591723	196.58943418013857
45.509699	-73.591684	196.88879907621245
45.509686	-73.59165	197.0881639722864
45.50966	-73.591609	197.4875288683603
45.509639	-73.591564	197.88689376443418
45.50963	-73.591548	197.9862586605081
45.50961	-73.591514	198.28562355658198
45.509587	-73.591479	198.5849884526559
45.509553	-73.591413	199.1843533487298
45.509531	-73.591383	199.38371824480367
45.509521	-73.59134	199.6830831408776
45.509496	-73.591308	199.98244803695152
45.509492	-73.591293	200.08181293302542
45.509439	-73.59129	200.58117782909932
45.509415	-73.591271	200.7805427251732
45.509396	-73.591237	201.07990762124712
45.509361	-73.591211	201.379272517321
45.509342	-73.591183	201.6786374133949
45.509336	-73.59117	201.77800230946883
45.509302	-73.591159	202.07736720554274
45.509267	-73.591055	202.77673210161663
45.509233	-73.591028	203.07609699769054
45.509207	-73.591007	203.27546189376443
45.509176	-73.59097	203.67482678983833
45.50915	-73.590951	203.87419168591222
45.509138	-73.590947	203.97355658198614
45.509088	-73.59093	204.37292147806005
45.509061	-73.590926	204.57228637413397
45.509025	-73.590919	204.87165127020785
45.508974	-73.590952	205.27101616628175
45.508946	-73.590932	205.57038106235566
45.508936	-73.590931	205.66974595842956
45.508905	-73.590918	205.86911085450345
45.508897	-73.590917	205.96847575057737
45.508844	-73.590935	206.36784064665127
45.508808	-73.590949	206.66720554272518
45.508768	-73.59098	207.0665704387991
45.508707	-73.590981	207.465935334873
45.508653	-73.590986	207.86530023094687
45.50862	-73.590989	208.16466512702078
45.508584	-73.590985	208.36403002309467
45.508545	-73.590997	208.66339491916858
45.508505	-73.590988	208.96275981524252
45.508466	-73.590978	209.2621247113164
45.508439	-73.590991	209.46148960739032
45.508399	-73.590996	209.7608545034642
45.508364	-73.590999	209.96021939953812
45.508328	-73.591036	210.159584295612
45.508294	-73.591069	210.3589491916859
45.508265	-73.591091	210.5583140877598
45.508237	-73.591121	210.75767898383373
45.508205	-73.591134	210.85704387990762
45.508181	-73.591157	210.95640877598154
45.508144	-73.591201	211.15577367205543
45.508097	-73.591254	211.45513856812934
45.508065	-73.591308	211.65450346420323
45.508033	-73.59135	211.75386836027712
45.507995	-73.591395	211.95323325635104
45.50796	-73.59143	212.05259815242496
45.50793	-73.591448	212.15196304849886
45.507897	-73.591466	212.15132794457276
45.507876	-73.591499	212.25069284064665
45.507845	-73.591528	212.35005773672054
45.507822	-73.591574	212.34942263279444
45.507795	-73.591626	212.44878752886837
45.507763	-73.591638	212.44815242494226
45.507734	-73.591656	212.4475173210162
45.507692	-73.59167	212.4468822170901
45.507656	-73.591703	212.446247113164
45.507615	-73.591721	212.4456120092379
45.507581	-73.591759	212.34497690531177
45.507548	-73.59179	212.34434180138567
45.507513	-73.591817	212.24370669745957
45.507479	-73.591842	212.14307159353348
45.507446	-73.591896	212.0424364896074
45.507393	-73.591938	211.8418013856813
45.507352	-73.591994	211.6411662817552
45.50731	-73.592039	211.3405311778291
45.50726	-73.592042	211.039896073903
45.507207	-73.592071	210.7392609699769
45.507169	-73.592117	210.4386258660508
45.507128	-73.592171	210.0379907621247
45.507078	-73.592225	209.63735565819863
45.507027	-73.592286	209.13672055427253
45.506973	-73.592344	208.53608545034643
45.506915	-73.592395	207.93545034642034
45.506868	-73.592462	207.43481524249424
45.506807	-73.592511	206.83418013856812
45.506747	-73.59257	206.13354503464203
45.506689	-73.592617	205.53290993071593
45.506622	-73.59268	204.83227482678984
45.506553	-73.592748	204.03163972286376
45.506487	-73.59281	203.33100461893764
45.506413	-73.592859	202.63036951501155
45.506344	-73.592918	201.92973441108546
45.506271	-73.592986	201.12909930715935
45.506197	-73.593052	200.42846420323326
45.506116	-73.593105	199.62782909930715
45.506033	-73.593164	198.82719399538107
45.505944	-73.593227	198.02655889145498
45.505852	-73.593276	197.22592378752887
45.505753	-73.59335	196.4252886836028
45.505658	-73.593399	195.72465357967667
45.505552	-73.593451	195.02401847575058
45.505452	-73.5935	194.52338337182448
45.505363	-73.59355	194.02274826789838
45.505266	-73.59359	193.6221131639723
45.505152	-73.593617	193.2214780600462
45.505052	-73.593635	192.9208429561201
45.504949	-73.593641	192.720207852194
45.504861	-73.593662	192.5195727482679
45.504747	-73.593681	192.3189376443418
45.504653	-73.593676	192.2183025404157
45.504577	-73.593666	192.1176674364896
45.504492	-73.593669	192.11703233256353
45.504412	-73.593661	192.11639722863742
45.504324	-73.593679	192.11576212471132
45.504233	-73.593671	192.01512702078523
45.504148	-73.59368	192.01449191685913
45.504067	-73.593699	192.01385681293303
45.503986	-73.593724	192.01322170900693
45.503904	-73.593767	192.01258660508083
45.503819	-73.593803	191.91195150115476
45.503748	-73.593835	191.81131639722864
45.503669	-73.59388	191.61068129330255
45.503591	-73.593945	191.31004618937644
45.503514	-73.59399	191.10941108545035
45.503447	-73.594051	190.80877598152424
45.503375	-73.594127	190.50814087759815
45.503301	-73.594192	190.20750577367204
45.503233	-73.594249	190.30687066974596
45.503165	-73.594338	189.90623556581988
45.503091	-73.594395	189.30560046189376
45.503035	-73.594493	188.70496535796767
45.502977	-73.594592	188.10433025404157
45.502912	-73.594672	187.60369515011547
45.502854	-73.594786	186.90306004618938
45.502797	-73.594886	186.30242494226326
45.50274	-73.59499	185.80178983833719
45.50269	-73.595105	185.30115473441109
45.502647	-73.595223	185.100519630485
45.502603	-73.595344	184.79988452655888
45.502563	-73.595457	184.4992494226328
45.502522	-73.595573	184.29861431870668
45.502487	-73.595687	184.1979792147806
45.502451	-73.595799	184.0973441108545
45.502418	-73.595912	183.99670900692843
45.502386	-73.596023	183.89607390300233
45.502357	-73.596131	183.89543879907623
45.502323	-73.596235	183.89480369515013
45.502288	-73.596349	183.694168591224
45.502255	-73.596458	183.49353348729792
45.50221	-73.596559	183.2928983833718
45.502178	-73.596667	183.09226327944572
45.502134	-73.596776	182.89162817551966
45.502097	-73.596891	182.69099307159354
45.502055	-73.596988	182.59035796766744
45.502012	-73.597088	182.38972286374135
45.501969	-73.597185	182.28908775981523
45.50192	-73.597285	182.18845265588914
45.501871	-73.597381	181.98781755196305
45.501829	-73.597484	181.88718244803695
45.50178	-73.597577	181.78654734411086
45.50173	-73.59767	181.68591224018476
45.501684	-73.597755	181.58527713625867
45.501636	-73.597845	181.38464203233258
45.501589	-73.597932	181.18400692840646
45.50154	-73.598017	180.88337182448038
45.501492	-73.598085	180.68273672055426
45.501442	-73.598163	180.28210161662815
45.501394	-73.598251	179.8814665127021
45.501343	-73.598325	179.480831408776
45.501292	-73.598404	179.0801963048499
45.501231	-73.598485	178.5795612009238
45.501174	-73.598571	177.9789260969977
45.501113	-73.598662	177.3782909930716
45.501045	-73.598739	176.77765588914548
45.500969	-73.598821	176.0770207852194
45.500898	-73.598905	175.47638568129332
45.500829	-73.598991	174.7757505773672
45.50075	-73.599089	174.07511547344112
45.500675	-73.599188	173.274480369515
45.500612	-73.599295	172.57384526558891
45.500532	-73.599379	171.97321016166282
45.500448	-73.599457	171.2725750577367
45.500373	-73.599548	170.6719399538106
45.500305	-73.599646	170.07130484988454
45.500256	-73.599723	169.57066974595844
45.500214	-73.599743	169.37003464203235
45.500186	-73.599768	169.16939953810623
45.500182	-73.599778	169.06876443418014
45.500174	-73.599784	169.06812933025404
45.500167	-73.599791	168.96749422632794
45.500159	-73.599797	168.96685912240184
45.500152	-73.599804	168.86622401847578
45.500144	-73.59981	168.86558891454968
45.500112	-73.599852	168.66495381062356
45.500079	-73.599904	168.36431870669747
45.500028	-73.599943	168.16368360277136
45.499982	-73.599997	167.86304849884527
45.49993	-73.600052	167.66241339491916
45.499877	-73.600104	167.36177829099307
45.49982	-73.600166	167.16114318706698
45.499764	-73.60023	166.9605080831409
45.49972	-73.600309	166.75987297921478
45.499672	-73.600368	166.5592378752887
45.499614	-73.60042	166.3586027713626
45.499554	-73.600486	166.15796766743648
45.499493	-73.60055	165.8573325635104
45.499433	-73.600621	165.65669745958428
45.499372	-73.600684	165.45606235565822
45.499308	-73.600755	165.1554272517321
45.499246	-73.60082	164.95479214780602
45.499191	-73.600894	164.7541570438799
45.499126	-73.600965	164.5535219399538
45.49906	-73.601048	164.45288683602772
45.498999	-73.601115	164.2522517321016
45.498937	-73.601177	164.1516166281755
45.498877	-73.601247	164.05098152424944
45.498816	-73.601327	163.85034642032335
45.498757	-73.601393	163.74971131639722
45.49869	-73.601458	163.54907621247114
45.498625	-73.601527	163.34844110854505
45.498558	-73.601592	163.14780600461893
45.498493	-73.601662	163.24717090069282
45.498426	-73.601728	162.74653579676672
45.498359	-73.601794	162.34590069284067
45.498293	-73.601858	161.84526558891457
45.498226	-73.601936	161.34463048498847
45.498153	-73.602023	160.64399538106235
45.498084	-73.602095	159.94336027713626
45.498007	-73.602173	159.24272517321015
45.497935	-73.602247	158.44209006928406
45.497862	-73.602329	157.54145496535796
45.497786	-73.602414	156.54081986143188
45.497702	-73.602506	155.4401847575058
45.497618	-73.602597	154.3395496535797
45.497526	-73.602679	153.23891454965357
45.497443	-73.602772	152.13827944572748
45.497352	-73.602867	151.03764434180138
45.497252	-73.602967	149.8370092378753
45.49715	-73.603064	148.73637413394917
45.497049	-73.603164	147.5357390300231
45.496955	-73.603272	146.435103926097
45.496851	-73.603374	145.2344688221709
45.496746	-73.603479	144.0338337182448
45.496641	-73.603587	142.9331986143187
45.496535	-73.603682	141.83256351039262
45.496429	-73.603788	140.7319284064665
45.496327	-73.603889	139.5312933025404
45.496229	-73.603995	138.53065819861433
45.49614	-73.604081	137.63002309468823
45.496055	-73.604176	136.92938799076214
45.495957	-73.604252	136.22875288683602
45.495865	-73.604351	135.62811778290992
45.495777	-73.604441	135.32748267898384
45.495697	-73.604523	135.02684757505773
45.495622	-73.604595	134.92621247113163
45.495554	-73.604669	134.92557736720556
45.495449	-73.604805	135.12494226327945
45.495397	-73.604853	135.22430715935334
45.495351	-73.604913	135.32367205542727
45.495308	-73.604957	135.42303695150116
45.495264	-73.605007	135.62240184757505
45.495211	-73.60504	135.72176674364894
45.495163	-73.605087	135.82113163972286
45.495136	-73.605166	135.8204965357968
45.495143	-73.605269	135.71986143187067
45.495163	-73.605368	135.51922632794458
45.495184	-73.605469	135.3185912240185
45.495208	-73.605567	135.11795612009237
45.49523	-73.605675	134.91732101616628
45.495253	-73.605772	134.8166859122402
45.495272	-73.605864	134.61605080831407
45.495294	-73.605976	134.415415704388
45.495311	-73.606075	134.31478060046192
45.495332	-73.606169	134.1141454965358
45.495361	-73.606247	134.0135103926097
45.495379	-73.606335	133.9128752886836
45.49541	-73.606426	133.8122401847575
45.495423	-73.606508	133.8116050808314
45.495432	-73.606592	133.7109699769053
45.49545	-73.606683	133.61033487297922
45.495474	-73.606771	133.40969976905313
45.495489	-73.606856	133.30906466512704
45.495514	-73.606937	133.20842956120092
45.495537	-73.606998	133.10779445727482
45.495549	-73.607061	133.00715935334873
45.495562	-73.607118	133.00652424942263
45.495576	-73.607183	132.90588914549653
45.495575	-73.607255	132.90525404157046
45.495574	-73.607335	132.80461893764436
45.495593	-73.607416	132.80398383371826
45.495606	-73.607484	132.70334872979214
45.495631	-73.607561	132.60271362586604
45.495667	-73.607629	132.50207852193995
45.49569	-73.607692	132.40144341801386
45.495699	-73.607764	132.30080831408776
45.495732	-73.607833	132.20017321016167
45.495753	-73.607904	131.99953810623558
45.495768	-73.60798	131.89890300230948
45.495811	-73.608046	131.7982678983834
45.49583	-73.608115	131.69763279445726
45.495853	-73.608183	131.59699769053117
45.495872	-73.608249	131.49636258660507
45.495888	-73.60832	131.39572748267898
45.495924	-73.608378	131.3950923787529
45.495947	-73.608428	131.2944572748268
45.495958	-73.608465	131.1938221709007
45.495968	-73.608517	131.1931870669746
45.495968	-73.608534	131.0925519630485
45.495974	-73.608574	131.0919168591224
45.495975	-73.608589	131.0912817551963
45.495974	-73.608636	130.9906466512702
45.495973	-73.608651	130.99001154734412
45.495974	-73.608705	130.98937644341802
45.495976	-73.608725	130.98874133949192
45.495983	-73.608777	130.98810623556582
45.495992	-73.608829	130.88747113163973
45.496001	-73.608889	130.78683602771363
45.496006	-73.608953	130.58620092378752
45.496005	-73.609019	130.48556581986142
45.496008	-73.609082	130.28493071593536
45.496013	-73.609148	130.08429561200924
45.496015	-73.609226	129.98366050808315
45.496004	-73.60934	129.68302540415704
45.496008	-73.609419	129.58239030023094
45.495995	-73.609473	129.48175519630485
45.496004	-73.609549	129.38112009237875
45.495984	-73.609626	129.28048498845266
45.495973	-73.609698	129.27984988452658
45.495966	-73.609771	129.17921478060046
45.495948	-73.609825	129.17857967667436
45.495932	-73.609907	129.17794457274826
45.495921	-73.60998	129.07730946882216
45.495906	-73.610053	129.07667436489606
45.495898	-73.61015	129.07603926096996
45.495887	-73.610227	128.97540415704387
45.495872	-73.61031	129.0747690531178
45.495858	-73.610399	129.0741339491917
45.495854	-73.610485	128.9734988452656
45.495842	-73.610571	128.7728637413395
45.49583	-73.61067	128.67222863741338
45.495798	-73.610736	128.4715935334873
45.495772	-73.610818	128.3709584295612
45.495758	-73.610901	128.17032332563508
45.495754	-73.610985	128.06968822170901
45.495765	-73.611055	127.9690531177829
45.495736	-73.611132	127.86841801385683
45.495733	-73.611221	127.66778290993071
45.495723	-73.611298	127.56714780600461
45.495703	-73.611391	127.46651270207852
45.495708	-73.611469	127.26587759815243
45.495686	-73.611544	127.16524249422633
45.495672	-73.611623	127.06460739030022
45.495663	-73.611706	126.96397228637413
45.495638	-73.611776	126.76333718244804
45.495622	-73.611861	126.66270207852195
45.495601	-73.611939	126.56206697459584
45.495598	-73.612017	126.36143187066975
45.495582	-73.612089	126.26079676674365
45.495569	-73.612165	126.16016166281756
45.495554	-73.612253	125.95952655889145
45.49554	-73.612325	125.85889145496536
45.495532	-73.612406	125.65825635103927
45.495527	-73.612481	125.55762124711316
45.495522	-73.612557	125.45698614318707
45.495512	-73.612637	125.25635103926098
45.495502	-73.612724	125.05571593533487
45.4955	-73.612813	124.95508083140878
45.495487	-73.612898	124.75444572748268
45.495481	-73.612987	124.65381062355658
45.495483	-73.613086	124.45317551963049
45.495478	-73.613169	124.25254041570439
45.495475	-73.613253	124.1519053117783
45.495464	-73.613347	123.95127020785219
45.495472	-73.613443	123.7506351039261
45.495484	-73.613529	123.65
45.495486	-73.613624	123.4493648960739
45.495485	-73.613713	123.34872979214782
45.495487	-73.613809	123.24809468822171
45.495488	-73.613898	123.04745958429561
45.495483	-73.613994	122.84682448036952
45.495488	-73.614074	122.74618937644343
45.495484	-73.614179	122.54555427251732
45.495485	-73.614278	122.34491916859123
45.49547	-73.614467	122.04428406466512
45.495479	-73.614548	121.94364896073904
45.495487	-73.614641	121.84301385681295
45.495494	-73.614741	121.74237875288684
45.495497	-73.614829	121.64174364896074
45.495496	-73.61492	121.54110854503465
45.495503	-73.615016	121.44047344110855
45.495511	-73.61512	121.33983833718246
45.495522	-73.615218	121.23920323325635
45.495551	-73.615312	121.03856812933026
45.495577	-73.615405	120.93793302540416
45.495618	-73.61549	120.63729792147807
45.49567	-73.615573	120.33666281755197
45.495712	-73.615665	119.93602771362588
45.495755	-73.615754	119.53539260969977
45.495795	-73.615852	119.23475750577367
45.495841	-73.615938	119.03412240184757
45.495895	-73.616038	118.8334872979215
45.495941	-73.616126	118.73285219399538
45.495988	-73.616213	118.53221709006928
45.49603	-73.61631	118.33158198614319
45.496082	-73.616408	118.1309468822171
45.496129	-73.616503	117.930311778291
45.496182	-73.616596	117.8296766743649
45.496235	-73.616683	117.6290415704388
45.496288	-73.616775	117.5284064665127
45.496335	-73.616864	117.42777136258661
45.496381	-73.616957	117.32713625866052
45.496426	-73.617044	117.32650115473442
45.496468	-73.617127	117.32586605080833
45.496506	-73.617212	117.22523094688222
45.496548	-73.617295	117.12459584295613
45.496589	-73.617374	117.02396073903002
45.496628	-73.617453	116.92332563510394
45.496665	-73.617529	116.82269053117784
45.496731	-73.617586	116.82205542725174
45.496797	-73.617599	116.92142032332563
45.496886	-73.617581	116.72078521939954
45.496954	-73.617541	116.62015011547345
45.497026	-73.617513	116.51951501154734
45.497091	-73.617482	116.51887990762124
45.497157	-73.617461	116.51824480369515
45.497229	-73.617448	116.61760969976906
45.497295	-73.617417	116.71697459584296
45.497357	-73.617384	116.81633949191686
45.497417	-73.617353	117.01570438799077
45.497478	-73.617315	117.21506928406467
45.497528	-73.617276	117.31443418013858
45.497579	-73.617234	117.51379907621246
45.497626	-73.617197	117.71316397228638
45.497672	-73.617154	117.91252886836028
45.497717	-73.617105	118.21189376443418
45.497764	-73.617059	118.41125866050808
45.497806	-73.617015	118.610623556582
45.497853	-73.616961	118.9099884526559
45.497896	-73.616918	119.20935334872979
45.49794	-73.616875	119.50871824480369
45.497981	-73.616832	119.80808314087761
45.498025	-73.616785	120.2074480369515
45.49806	-73.616749	120.5068129330254
45.498092	-73.616698	120.80617782909931
45.498127	-73.616652	121.20554272517322
45.498165	-73.616605	121.60490762124712
45.4982	-73.61657	121.90427251732102
45.49824	-73.616521	122.40363741339492
45.498271	-73.616478	122.80300230946884
45.498306	-73.616438	123.20236720554273
45.498341	-73.616403	123.70173210161663
45.498381	-73.616371	124.10109699769053
45.498423	-73.616351	124.60046189376445
45.498464	-73.616328	124.99982678983834
45.498506	-73.616304	125.49919168591224
45.498547	-73.616285	126.09855658198614
45.498589	-73.616275	126.59792147806006
45.498632	-73.616263	127.09728637413396
45.498671	-73.616257	127.59665127020784
45.498716	-73.616257	128.09601616628174
45.498758	-73.616262	128.59538106235564
45.498801	-73.616273	129.09474595842954
45.498841	-73.616286	129.49411085450348
45.498882	-73.616295	129.89347575057738
45.49892	-73.616302	130.1928406466513
45.498963	-73.616297	130.39220554272518
45.499005	-73.616275	130.6915704387991
45.49904	-73.616246	131.09093533487297
45.499075	-73.616206	131.49030023094687
45.499095	-73.616163	131.88966512702078
45.49912	-73.61612	132.2890300230947
45.499137	-73.616083	132.68839491916862
45.499154	-73.616042	133.0877598152425
45.499171	-73.616	133.4871247113164
45.499192	-73.615959	133.8864896073903
45.499217	-73.615918	134.3858545034642
45.499239	-73.615876	134.7852193995381
45.499255	-73.615828	135.284584295612
45.49927	-73.615785	135.68394919168594
45.499285	-73.615736	136.08331408775982
45.4993	-73.615692	136.48267898383372
45.499317	-73.615644	136.98204387990762
45.499334	-73.615599	137.38140877598153
45.49935	-73.615555	137.78077367205543
45.499367	-73.615509	138.18013856812934
45.499384	-73.615467	138.67950346420324
45.499401	-73.615427	138.97886836027715
45.49942	-73.615384	139.47823325635105
45.499443	-73.615345	139.87759815242495
45.499466	-73.615303	140.37696304849885
45.499489	-73.615265	140.77632794457276
45.499513	-73.615229	141.07569284064664
45.499539	-73.615189	141.57505773672054
45.499563	-73.615159	141.87442263279445
45.499592	-73.615127	142.1737875288684
45.499617	-73.615095	142.57315242494226
45.499642	-73.615064	142.87251732101618
45.499673	-73.615035	143.27188221709008
45.4997	-73.615003	143.57124711316396
45.49973	-73.614972	143.97061200923787
45.499757	-73.614945	144.26997690531178
45.499786	-73.614917	144.66934180138568
45.499815	-73.614887	145.0687066974596
45.499845	-73.614858	145.4680715935335
45.499876	-73.614828	145.8674364896074
45.49991	-73.614803	146.2668013856813
45.499941	-73.61478	146.6661662817552
45.499999	-73.614743	147.3655311778291
45.500032	-73.614718	147.764896073903
45.500065	-73.614694	148.1642609699769
45.500096	-73.61467	148.5636258660508
45.500129	-73.614646	148.86299076212472
45.50017	-73.614621	149.36235565819862
45.500189	-73.61461	149.5617205542725
45.500215	-73.614588	149.66108545034643
45.500252	-73.614553	149.96045034642032
45.500288	-73.614538	150.15981524249423
45.500323	-73.614511	150.35918013856812
45.500358	-73.61448	150.55854503464204
45.500396	-73.614445	150.65790993071596
45.500436	-73.614416	150.85727482678985
45.500482	-73.614384	150.95663972286374
45.500528	-73.614349	151.05600461893764
45.500572	-73.614315	151.15536951501156
45.500616	-73.614272	151.25473441108545
45.50066	-73.614236	151.35409930715934
45.500707	-73.614206	151.45346420323327
45.500758	-73.614176	151.55282909930716
45.500803	-73.614138	151.65219399538108
45.500849	-73.61411	151.75155889145498
45.500896	-73.614084	151.85092378752887
45.500945	-73.614046	151.95028868360276
45.50099	-73.614023	152.04965357967666
45.501034	-73.613974	152.14901847575058
45.50108	-73.613935	152.1483833718245
45.501126	-73.613897	152.2477482678984
45.501168	-73.613851	152.2471131639723
45.501213	-73.613809	152.3464780600462
45.501259	-73.613764	152.3458429561201
45.501304	-73.613722	152.345207852194
45.501346	-73.613667	152.3445727482679
45.501398	-73.613618	152.3439376443418
45.50145	-73.613578	152.34330254041572
45.501501	-73.613532	152.34266743648962
45.50155	-73.613478	152.34203233256352
45.501598	-73.613436	152.34139722863742
45.501657	-73.613389	152.34076212471132
45.50171	-73.61335	152.34012702078522
45.501765	-73.613301	152.33949191685912
45.501815	-73.613251	152.33885681293302
45.501868	-73.613202	152.43822170900694
45.501921	-73.613154	152.53758660508083
45.501974	-73.613107	152.73695150115475
45.502021	-73.613068	152.93631639722864
45.502069	-73.613025	153.23568129330255
45.502114	-73.612988	153.53504618937643
45.502152	-73.61295	153.83441108545034
45.502194	-73.612918	154.13377598152425
45.502232	-73.612886	154.53314087759816
45.502272	-73.612852	154.83250577367207
45.502309	-73.612818	155.23187066974597
45.502344	-73.612789	155.63123556581988
45.502378	-73.612761	156.03060046189375
45.502418	-73.612731	156.42996535796766
45.502451	-73.612707	156.82933025404157
45.502491	-73.612678	157.22869515011547
45.502518	-73.612655	157.52806004618938
45.502559	-73.61267	157.7274249422633
45.502601	-73.612705	157.92678983833719
45.502624	-73.612759	158.02615473441108
45.502646	-73.612817	158.125519630485
45.502677	-73.61289	158.2248845265589
45.502694	-73.612965	158.1242494226328
45.502715	-73.613046	158.1236143187067
45.502747	-73.613131	158.0229792147806
45.50278	-73.613219	157.82234411085452
45.502803	-73.613305	157.72170900692842
45.502834	-73.613395	157.4210739030023
45.502864	-73.613487	157.22043879907622
45.502901	-73.613581	156.9198036951501
45.502938	-73.613674	156.519168591224
45.502992	-73.61376	156.0185334872979
45.503056	-73.613834	155.61789838337185
45.503129	-73.613894	155.11726327944575
45.503199	-73.613941	154.71662817551965
45.503268	-73.613984	154.21599307159354
45.503334	-73.61402	153.71535796766744
45.503392	-73.61404	153.21472286374134
45.503449	-73.614057	152.71408775981524
45.503507	-73.614071	152.11345265588915
45.503568	-73.614087	151.41281755196306
45.503628	-73.614104	150.81218244803696
45.503693	-73.614123	150.01154734411085
45.503753	-73.614142	149.31091224018476
45.503814	-73.614162	148.61027713625867
45.503876	-73.614189	147.90964203233256
45.503935	-73.614225	147.10900692840647
45.503991	-73.614265	146.30837182448036
45.504048	-73.614313	145.50773672055428
45.504105	-73.614374	144.6071016166282
45.50416	-73.614436	143.7064665127021
45.504209	-73.614504	142.805831408776
45.504257	-73.614561	142.1051963048499
45.504295	-73.614626	141.30456120092379
45.504331	-73.614692	140.50392609699767
45.504359	-73.614753	139.90329099307158
45.504383	-73.614787	139.5026558891455
45.504399	-73.614836	139.0020207852194
45.50441	-73.614884	138.5013856812933
45.504426	-73.614937	138.10075057736722
45.504441	-73.61501	137.70011547344112
45.504466	-73.615071	137.299480369515
45.504489	-73.615113	136.9988452655889
45.504514	-73.615157	136.69821016166281
45.504535	-73.615198	136.49757505773673
45.504554	-73.615241	136.29693995381064
45.504572	-73.615281	136.09630484988455
45.504589	-73.615316	135.89566974595843
45.504605	-73.615347	135.69503464203234
45.50461	-73.61536	135.69439953810624
45.504622	-73.615399	135.49376443418012
45.504625	-73.615414	135.39312933025403
45.504646	-73.615447	135.19249422632797
45.504674	-73.615466	134.99185912240185
45.504703	-73.615478	134.69122401847576
45.504731	-73.615503	134.39058891454965
45.504762	-73.615544	134.08995381062357
45.504781	-73.615599	133.68931870669746
45.504794	-73.615658	133.28868360277136
45.504802	-73.615731	132.78804849884526
45.504805	-73.615806	132.28741339491918
45.504793	-73.615889	131.5867782909931
45.504776	-73.615985	130.88614318706698
45.504746	-73.616083	129.98550808314087
45.504698	-73.616177	129.0848729792148
45.504634	-73.616227	128.1842378752887
45.504549	-73.616308	126.88360277136259
45.50446	-73.616381	125.7829676674365
45.504367	-73.616449	124.58233256351039
45.504272	-73.616515	123.4816974595843
45.504178	-73.616593	122.3810623556582
45.504084	-73.61667	121.3804272517321
45.503989	-73.616744	120.379792147806
45.503895	-73.616816	119.5791570438799
45.503806	-73.616884	118.67852193995382
45.503717	-73.616949	117.97788683602772
45.503622	-73.617037	117.17725173210162
45.503534	-73.617122	116.47661662817552
45.503453	-73.617227	115.77598152424943
45.50338	-73.617359	114.97534642032333
45.503327	-73.617505	114.07471131639723
45.503293	-73.617665	113.17407621247114
45.503255	-73.61782	112.37344110854504
45.503224	-73.617933	112.07280600461894
45.503196	-73.618036	111.97217090069284
45.503165	-73.618146	111.77153579676674
45.503141	-73.618271	111.27090069284066
45.503146	-73.618409	110.47026558891456
45.503181	-73.618516	109.76963048498845
45.503225	-73.618585	109.26899538106235
45.503256	-73.618635	108.96836027713627
45.503277	-73.618672	108.66772517321017
45.503305	-73.618709	108.46709006928407
45.503351	-73.618722	108.76645496535797
45.503402	-73.618683	108.56581986143188
45.503451	-73.618632	108.36518475750577
45.503506	-73.618586	108.26454965357968
45.503561	-73.618535	108.06391454965357
45.503611	-73.618488	107.9632794457275
45.503667	-73.618452	107.9626443418014
45.503728	-73.618423	107.86200923787528
45.503785	-73.618386	107.86137413394918
45.503842	-73.618332	107.8607390300231
45.503893	-73.618273	107.860103926097
45.503942	-73.618207	107.8594688221709
45.503998	-73.618146	107.8588337182448
45.50406	-73.618096	107.85819861431871
45.504115	-73.618054	107.85756351039261
45.504174	-73.618008	107.95692840646652
45.504235	-73.617951	107.95629330254042
45.504293	-73.6179	107.85565819861432
45.504347	-73.617844	107.85502309468822
45.504411	-73.617793	107.85438799076212
45.504471	-73.617744	107.85375288683602
45.50453	-73.617691	107.85311778290993
45.504587	-73.617637	107.85248267898383
45.504645	-73.617596	107.85184757505773
45.5047	-73.617553	107.75121247113164
45.504758	-73.617492	107.75057736720555
45.504812	-73.617438	107.74994226327945
45.504869	-73.617385	107.74930715935335
45.504925	-73.617335	107.74867205542725
45.504976	-73.617277	107.74803695150116
45.505028	-73.617228	107.74740184757506
45.505082	-73.617179	107.64676674364897
45.505124	-73.617135	107.64613163972287
45.50517	-73.617093	107.64549653579678
45.505231	-73.617043	107.64486143187068
45.505278	-73.617002	107.64422632794458
45.50533	-73.616953	107.64359122401848
45.505378	-73.616907	107.54295612009238
45.505428	-73.616865	107.54232101616628
45.505472	-73.616818	107.54168591224018
45.505524	-73.616775	107.44105080831409
45.505571	-73.616731	107.440415704388
45.505617	-73.616691	107.4397806004619
45.505667	-73.616644	107.4391454965358
45.505716	-73.616599	107.4385103926097
45.50576	-73.616558	107.43787528868361
45.505807	-73.61652	107.43724018475751
45.505848	-73.616474	107.3366050808314
45.505897	-73.616433	107.3359699769053
45.505949	-73.616389	107.33533487297922
45.505995	-73.616358	107.23469976905312
45.506039	-73.616319	107.23406466512702
45.506085	-73.616269	107.23342956120092
45.506139	-73.616235	107.13279445727484
45.506182	-73.616197	107.13215935334874
45.506224	-73.616152	107.13152424942264
45.506273	-73.616101	107.13088914549654
45.506316	-73.616076	107.13025404157045
45.50636	-73.61603	107.12961893764435
45.506399	-73.615989	107.12898383371825
45.506444	-73.61595	107.12834872979215
45.506482	-73.615911	107.12771362586606
45.506525	-73.615874	107.22707852193996
45.506567	-73.615837	107.22644341801386
45.506603	-73.615809	107.22580831408776
45.50664	-73.615772	107.22517321016167
45.506671	-73.615738	107.32453810623556
45.506705	-73.615707	107.32390300230946
45.506739	-73.615677	107.42326789838337
45.506774	-73.615649	107.42263279445729
45.506812	-73.61562	107.52199769053118
45.506846	-73.615582	107.52136258660508
45.506884	-73.615548	107.62072748267899
45.506921	-73.615511	107.7200923787529
45.506965	-73.615469	107.81945727482679
45.507012	-73.615424	107.81882217090069
45.507066	-73.615381	108.01818706697459
45.507121	-73.615336	108.11755196304851
45.507175	-73.61529	108.2169168591224
45.507235	-73.61524	108.3162817551963
45.507279	-73.615191	108.41564665127021
45.507335	-73.615141	108.51501154734412
45.507386	-73.615094	108.61437644341802
45.507437	-73.615047	108.71374133949192
45.507486	-73.615	108.81310623556581
45.507542	-73.614952	108.81247113163973
45.507595	-73.614902	108.91183602771363
45.507649	-73.614854	109.01120092378753
45.507705	-73.614803	109.11056581986143
45.507759	-73.614752	109.20993071593534
45.507819	-73.614705	109.40929561200925
45.50787	-73.614653	109.50866050808314
45.50792	-73.614601	109.60802540415705
45.507977	-73.61455	109.70739030023095
45.508029	-73.6145	109.90675519630486
45.508083	-73.614451	110.00612009237875
45.508133	-73.614407	110.20548498845265
45.508183	-73.614373	110.30484988452656
45.508248	-73.614313	110.60421478060047
45.508305	-73.614265	110.70357967667437
45.508361	-73.614218	110.90294457274827
45.508414	-73.614172	111.00230946882218
45.508466	-73.614124	111.20167436489608
45.508514	-73.614079	111.30103926096997
45.508566	-73.614035	111.40040415704388
45.508613	-73.613993	111.5997690531178
45.508662	-73.613942	111.69913394919169
45.50869	-73.613922	111.79849884526558
45.508754	-73.613856	111.89786374133949
45.508802	-73.6138	111.9972286374134
45.50885	-73.613751	112.09659353348731
45.508892	-73.61371	112.1959584295612
45.508942	-73.613678	112.2953233256351
45.50899	-73.613631	112.39468822170902
45.509037	-73.613593	112.39405311778292
45.509078	-73.613554	112.49341801385681
45.509116	-73.613515	112.49278290993071
45.509147	-73.61349	112.59214780600463
45.509172	-73.613465	112.59151270207853
45.509179	-73.613459	112.59087759815243
45.509192	-73.613457	112.59024249422633
45.509209	-73.613444	112.58960739030024
45.509234	-73.61342	112.68897228637414
45.509268	-73.613382	112.68833718244804
45.509309	-73.613344	112.78770207852193
45.509358	-73.613309	112.78706697459585
45.509409	-73.613269	112.88643187066975
45.509458	-73.613225	112.98579676674365
45.509508	-73.613179	112.98516166281755
45.509554	-73.613126	113.08452655889147
45.509609	-73.613072	113.18389145496536
45.509663	-73.613017	113.28325635103926
45.50971	-73.612958	113.38262124711318
45.509753	-73.612897	113.38198614318708
45.509787	-73.612837	113.48135103926097
45.509818	-73.612775	113.58071593533488
45.509839	-73.612714	113.68008083140879
45.509865	-73.612658	113.77944572748268
45.509886	-73.612613	113.87881062355659
45.509903	-73.612563	113.87817551963049
45.509907	-73.612511	113.9775404157044
45.50991	-73.61246	113.9769053117783
45.509915	-73.612413	114.0762702078522
45.509936	-73.612372	114.1756351039261
45.509963	-73.612347	114.17500000000001
45.509993	-73.612315	114.2743648960739
45.510018	-73.612286	114.37372979214781
45.51004	-73.61226	114.37309468822171
45.510055	-73.61224	114.47245958429562
45.510063	-73.612227	114.47182448036952
45.510087	-73.612207	114.57118937644343
45.510097	-73.612198	114.57055427251733
45.510127	-73.612174	114.66991916859124
45.510165	-73.612159	114.66928406466513
45.510209	-73.612193	114.66864896073903
45.510248	-73.612265	114.46801385681293
45.510283	-73.612339	114.26737875288684
45.510322	-73.612416	113.86674364896075
45.510364	-73.612497	113.46610854503464
45.510407	-73.612583	113.06547344110855
45.510446	-73.612668	112.66483833718246
45.510485	-73.612758	112.26420323325635
45.510528	-73.612851	111.76356812933025
45.510567	-73.612939	111.46293302540415
45.510605	-73.613029	111.16229792147807
45.510624	-73.613132	110.76166281755197
45.510668	-73.613221	110.36102771362587
45.510725	-73.613323	110.16039260969977
45.510763	-73.613423	109.85975750577369
45.510811	-73.613523	109.55912240184759
45.510853	-73.613625	109.05848729792149
45.510905	-73.613729	108.45785219399538
45.51095	-73.61383	108.0572170900693
45.510998	-73.613936	107.8565819861432
45.511047	-73.614044	107.45594688221709
45.511094	-73.614145	107.055311778291
45.511132	-73.614239	106.65467667436491
45.511171	-73.614324	106.35404157043881
45.511206	-73.614401	106.1534064665127
45.511242	-73.614476	105.85277136258661
45.511267	-73.614539	105.65213625866052
45.511291	-73.614596	105.45150115473442
45.511315	-73.614647	105.35086605080832
45.511336	-73.614699	105.15023094688222
45.511358	-73.614752	104.94959584295613
45.511381	-73.614807	104.84896073903003
45.511404	-73.614866	104.74832563510392
45.511426	-73.614918	104.54769053117784
45.511454	-73.614982	104.44705542725174
45.511483	-73.61504	104.24642032332564
45.511512	-73.615097	104.14578521939954
45.511541	-73.61516	104.04515011547345
45.511567	-73.615197	103.84451501154736
45.511584	-73.615245	103.74387990762125
45.511603	-73.61529	103.64324480369515
45.511624	-73.61533	103.64260969976905
45.511653	-73.615365	103.64197459584297
45.511716	-73.615363	103.54133949191687
45.511763	-73.615303	103.54070438799077
45.5118	-73.61522	103.14006928406467
45.51184	-73.615139	102.63943418013858
45.511876	-73.615069	102.33879907621248
45.51191	-73.614984	102.03816397228638
45.511951	-73.614904	101.73752886836027
45.511994	-73.61483	101.5368937644342
45.512034	-73.614752	101.23625866050808
45.512075	-73.614669	101.13562355658199
45.512121	-73.614589	100.93498845265589
45.512163	-73.6145	100.7343533487298
45.512203	-73.614418	100.6337182448037
45.512243	-73.614332	100.4330831408776
45.512288	-73.614242	100.3324480369515
45.512334	-73.614156	100.13181293302542
45.512381	-73.614076	100.03117782909932
45.512423	-73.613993	99.83054272517322
45.512472	-73.613901	99.62990762124711
45.512522	-73.613824	99.42927251732102
45.51256	-73.613738	99.22863741339492
45.512616	-73.613652	99.02800230946883
45.512647	-73.613628	98.82736720554273
45.512687	-73.613526	98.62673210161664
45.51273	-73.613453	98.42609699769054
45.512759	-73.613395	98.22546189376443
45.51279	-73.613344	98.12482678983834
45.512807	-73.61331	98.02419168591226
45.512811	-73.6133	98.02355658198616
45.512819	-73.613286	98.02292147806006
45.512826	-73.613272	97.92228637413395
45.512832	-73.613258	97.92165127020786
45.512838	-73.613244	97.92101616628176
45.512862	-73.613211	97.82038106235566
45.512867	-73.613201	97.71974595842956
45.512875	-73.613185	97.71911085450347
45.512889	-73.613163	97.61847575057737
45.512914	-73.613118	97.51784064665128
45.512941	-73.613048	97.41720554272517
45.512974	-73.612984	97.21657043879908
45.513017	-73.612915	97.01593533487299
45.513057	-73.612852	96.61530023094689
45.513103	-73.61278	96.11466512702079
45.513154	-73.612697	95.5140300230947
45.5132	-73.612626	95.0133949191686
45.513249	-73.612555	94.5127598152425
45.51332	-73.612445	93.9121247113164
45.513363	-73.612343	93.7114896073903
45.513414	-73.612247	93.41085450346421
45.513469	-73.612178	93.2102193995381
45.513524	-73.612072	93.00958429561202
45.513579	-73.61197	92.80894919168593
45.513629	-73.611873	92.30831408775983
45.513687	-73.611768	91.80767898383372
45.513741	-73.611678	91.30704387990762
45.513793	-73.611593	90.90640877598153
45.513855	-73.611474	90.40577367205543
45.513892	-73.611411	90.20513856812933
45.513943	-73.611297	89.90450346420323
45.513988	-73.611205	89.60386836027715
45.51402	-73.611125	89.40323325635104
45.51403	-73.611052	89.30259815242495
45.514041	-73.610995	89.20196304849884
45.514051	-73.610946	89.10132794457276
45.514053	-73.610932	89.10069284064666
45.514056	-73.610919	89.00005773672056
45.514058	-73.610906	88.99942263279446
45.514063	-73.610894	88.99878752886838
45.514073	-73.610857	88.89815242494227
45.514077	-73.610837	88.89751732101617
45.514091	-73.610787	88.79688221709007
45.51411	-73.610725	88.59624711316398
45.514129	-73.610659	88.49561200923789
45.514151	-73.610598	88.39497690531178
45.514172	-73.610526	88.19434180138568
45.514193	-73.610453	87.9937066974596
45.514213	-73.610381	87.89307159353349
45.514247	-73.610295	87.69243648960739
45.51427	-73.61021	87.4918013856813
45.514289	-73.61012	87.29116628175521
45.514312	-73.610032	87.0905311778291
45.514348	-73.60995	86.98989607390301
45.514378	-73.609854	86.78926096997691
45.514397	-73.60976	86.68862586605081
45.51442	-73.609669	86.58799076212472
45.514445	-73.609577	86.48735565819862
45.514471	-73.609507	86.48672055427252
45.514481	-73.609434	86.38608545034643
45.51448	-73.609356	86.28545034642033
45.514436	-73.609296	86.48481524249424
45.514381	-73.609272	86.58418013856813
45.514326	-73.609245	86.68354503464204
45.514275	-73.609202	86.78290993071595
45.514231	-73.609145	86.98227482678985
45.514192	-73.609091	87.18163972286374
45.514156	-73.609032	87.48100461893766
45.514127	-73.608979	87.78036951501156
45.514109	-73.60893	87.97973441108546
45.514093	-73.608887	88.17909930715935
45.514078	-73.608836	88.47846420323327
45.51406	-73.60879	88.77782909930717
45.514035	-73.608745	89.17719399538106
45.514016	-73.608701	89.57655889145497
45.513998	-73.608654	90.07592378752888
45.513979	-73.608606	90.47528868360278
45.513957	-73.608557	90.97465357967668
45.513938	-73.608513	91.37401847575057
45.513918	-73.608468	91.7733833718245
45.513899	-73.608425	92.17274826789838
45.513878	-73.608387	92.57211316397229
45.513853	-73.608353	92.9714780600462
45.513832	-73.608304	93.47084295612011
45.513819	-73.608264	93.770207852194
45.513802	-73.60822	94.1695727482679
45.513784	-73.608174	94.6689376443418
45.513765	-73.608128	95.06830254041571
45.513747	-73.608077	95.56766743648961
45.513733	-73.608036	95.96703233256352
45.513711	-73.607988	96.46639722863742
45.513697	-73.607949	96.76576212471133
45.513668	-73.607905	97.26512702078523
45.513656	-73.607866	97.56449191685913
45.513641	-73.607821	97.96385681293303
45.51363	-73.607785	98.26322170900694
45.51361	-73.607745	98.66258660508083
45.51359	-73.6077	99.06195150115474
45.513566	-73.607662	99.46131639722864
45.513554	-73.607623	99.76068129330255
45.51354	-73.607588	100.06004618937645
45.513524	-73.607534	100.45941108545036
45.513523	-73.607485	100.85877598152425
45.513507	-73.607441	101.15814087759816
45.513482	-73.607402	101.55750577367206
45.513466	-73.607361	101.95687066974597
45.513447	-73.607319	102.25623556581986
45.513434	-73.607284	102.55560046189377
45.513421	-73.607227	103.05496535796767
45.5134	-73.607207	103.35433025404157
45.513382	-73.607173	103.65369515011547
45.513355	-73.607138	104.05306004618939
45.513339	-73.607106	104.35242494226328
45.513325	-73.607066	104.75178983833719
45.513307	-73.607022	104.95115473441109
45.513284	-73.606988	105.050519630485
45.513268	-73.60694	105.3498845265589
45.513245	-73.606894	105.7492494226328
45.513222	-73.606859	106.14861431870669
45.513204	-73.606826	106.44797921478062
45.513179	-73.606787	106.84734411085451
45.513164	-73.606741	107.24670900692841
45.513147	-73.606695	107.6460739030023
45.513129	-73.606656	108.04543879907622
45.513116	-73.606616	108.34480369515012
45.5131	-73.606581	108.64416859122402
45.51309	-73.606538	109.04353348729792
45.513072	-73.606492	109.44289838337184
45.51306	-73.606457	109.74226327944574
45.513034	-73.606418	110.14162817551963
45.513014	-73.606379	110.44099307159354
45.513006	-73.606338	110.84035796766744
45.512986	-73.606292	111.23972286374135
45.512964	-73.606259	111.53908775981525
45.51295	-73.606218	111.93845265588915
45.512928	-73.606181	112.23781755196306
45.512898	-73.60616	112.63718244803695
45.512889	-73.60611	112.93654734411086
45.512874	-73.606077	113.23591224018476
45.512857	-73.606039	113.63527713625867
45.512834	-73.606014	113.93464203233258
45.512815	-73.605976	114.23400692840647
45.512794	-73.605938	114.73337182448037
45.512782	-73.60589	115.23273672055429
45.512767	-73.605848	115.23210161662819
45.512748	-73.605806	115.33146651270208
45.512731	-73.605768	115.63083140877598
45.512718	-73.605724	115.83019630484989
45.512698	-73.605688	116.12956120092379
45.512675	-73.605649	116.4289260969977
45.512665	-73.605602	116.7282909930716
45.512643	-73.605561	116.92765588914551
45.512631	-73.605524	117.22702078521941
45.51261	-73.60548	117.5263856812933
45.512599	-73.605439	117.72575057736721
45.512577	-73.605401	118.02511547344112
45.512553	-73.605366	118.32448036951502
45.512531	-73.605313	118.62384526558891
45.512518	-73.605294	118.82321016166281
45.512492	-73.605255	119.12257505773673
45.512476	-73.60522	119.32193995381063
45.512458	-73.605162	119.72130484988453
45.512448	-73.605138	119.82066974595843
45.512432	-73.605094	120.12003464203234
45.512405	-73.605044	120.51939953810624
45.512393	-73.605026	120.61876443418014
45.51237	-73.60499	120.91812933025405
45.512348	-73.604957	121.11749422632795
45.512324	-73.604925	121.41685912240186
45.512303	-73.604888	121.61622401847575
45.512284	-73.604845	121.81558891454965
45.512267	-73.604807	122.11495381062356
45.512247	-73.604767	122.31431870669746
45.51223	-73.604732	122.51368360277137
45.512216	-73.604693	122.71304849884527
45.512196	-73.604648	122.91241339491918
45.512189	-73.604601	123.11177829099307
45.512163	-73.60456	123.41114318706698
45.512144	-73.604524	123.51050808314088
45.512123	-73.604489	123.7098729792148
45.512088	-73.604461	123.9092378752887
45.512074	-73.604415	124.10860277136258
45.512059	-73.604371	124.30796766743649
45.512026	-73.604311	124.6073325635104
45.51202	-73.604265	124.8066974595843
45.512009	-73.604225	124.90606235565821
45.511993	-73.604187	125.1054272517321
45.511962	-73.604139	125.30479214780601
45.511951	-73.604115	125.40415704387992
45.511935	-73.604061	125.60352193995381
45.511924	-73.604025	125.80288683602771
45.511905	-73.603974	126.00225173210163
45.511885	-73.603931	126.20161662817553
45.511876	-73.603917	126.30098152424942
45.511857	-73.603909	126.40034642032333
45.511844	-73.603901	126.49971131639724
45.511826	-73.603866	126.69907621247114
45.51182	-73.603857	126.69844110854504
45.511793	-73.60384	126.99780600461894
45.511771	-73.603812	127.19717090069284
45.511754	-73.603772	127.49653579676675
45.511748	-73.603708	127.59590069284064
45.511756	-73.603637	127.49526558891455
45.51178	-73.603552	127.39463048498847
45.511794	-73.603474	127.29399538106237
45.511815	-73.603403	127.19336027713625
45.511841	-73.603316	127.09272517321016
45.511862	-73.60324	126.99209006928407
45.511884	-73.603147	126.89145496535798
45.511903	-73.603061	126.79081986143187
45.511928	-73.602974	126.69018475750578
45.511954	-73.602887	126.58954965357968
45.511981	-73.602803	126.48891454965359
45.511996	-73.602715	126.38827944572749
45.512019	-73.602626	126.28764434180138
45.512043	-73.602539	126.2870092378753
45.512068	-73.602447	126.1863741339492
45.512092	-73.602361	125.9857390300231
45.512112	-73.602274	125.885103926097
45.512136	-73.602183	125.78446882217091
45.512155	-73.602093	125.68383371824481
45.512179	-73.602002	125.5831986143187
45.512204	-73.601912	125.48256351039261
45.512238	-73.601819	125.28192840646652
45.512269	-73.601729	125.18129330254042
45.512292	-73.601633	125.08065819861432
45.512315	-73.60153	124.88002309468823
45.512342	-73.601438	124.77938799076213
45.51237	-73.601344	124.67875288683604
45.512395	-73.601257	124.57811778290993
45.512417	-73.601169	124.57748267898383
45.512443	-73.601082	124.47684757505775
45.51246	-73.601001	124.47621247113165
45.512469	-73.600912	124.57557736720554
45.512467	-73.600824	124.57494226327944
45.512442	-73.600745	124.67430715935336
45.512406	-73.60069	124.77367205542726
45.512371	-73.60063	124.87303695150116
45.512347	-73.600564	125.07240184757505
45.512316	-73.600495	125.27176674364897
45.512286	-73.600429	125.47113163972287
45.512258	-73.600364	125.67049653579677
45.512233	-73.600295	125.86986143187067
45.512209	-73.600238	126.06922632794458
45.512182	-73.600175	126.26859122401848
45.512163	-73.600118	126.36795612009239
45.512161	-73.60006	126.46732101616628
45.512175	-73.600006	126.56668591224019
45.512213	-73.599958	126.56605080831409
45.512256	-73.599923	126.365415704388
45.512297	-73.599876	126.06478060046189
45.512336	-73.599828	125.66414549653581
45.51238	-73.599783	125.36351039260971
45.512427	-73.599741	124.9628752886836
45.512476	-73.599699	124.5622401847575
45.512524	-73.599647	124.16160508083142
45.512575	-73.599593	123.76096997690532
45.512621	-73.599549	123.46033487297922
45.512673	-73.599509	123.05969976905311
45.512733	-73.599461	122.65906466512703
45.512789	-73.599403	122.25842956120093
45.512842	-73.599352	121.95779445727483
45.5129	-73.599309	121.55715935334872
45.512954	-73.599254	121.15652424942265
45.513027	-73.599185	120.75588914549654
45.513082	-73.599129	120.45525404157044
45.513143	-73.599062	120.05461893764434
45.513199	-73.599	119.75398383371825
45.51326	-73.598955	119.35334872979216
45.513316	-73.598895	119.05271362586605
45.513376	-73.598839	118.65207852193996
45.513431	-73.598779	118.15144341801387
45.51348	-73.59872	117.75080831408776
45.513533	-73.598675	117.35017321016167
45.513594	-73.598627	116.84953810623557
45.513656	-73.598573	117.14890300230948
45.51371	-73.598498	116.64826789838338
45.513761	-73.598419	116.04763279445727
45.513831	-73.59835	115.24699769053117
45.513884	-73.598315	114.8463625866051
45.513943	-73.598256	114.24572748267899
45.514034	-73.598153	113.3450923787529
45.514099	-73.598081	112.64445727482679
45.514169	-73.597976	111.9438221709007
45.514237	-73.597876	111.34318706697461
45.514299	-73.597796	110.8425519630485
45.514368	-73.597695	110.2419168591224
45.514426	-73.597591	109.84128175519632
45.514479	-73.597485	109.44064665127021
45.51453	-73.597375	109.04001154734411
45.51456	-73.597258	108.83937644341802
45.514598	-73.597126	108.63874133949193
45.514624	-73.59702	108.43810623556583
45.514642	-73.596902	108.33747113163973
45.514668	-73.596789	108.13683602771363
45.514659	-73.596668	108.03620092378753
45.514655	-73.596554	107.83556581986144
45.514665	-73.596434	107.73493071593533
45.514663	-73.596319	107.53429561200923
45.514665	-73.596194	107.33366050808316
45.514665	-73.596088	107.13302540415705
45.514671	-73.595972	106.83239030023095
45.514687	-73.595868	106.63175519630485
45.514678	-73.595742	106.43112009237876
45.514688	-73.595615	106.13048498845266
45.514702	-73.595499	105.92984988452656
45.5147	-73.595378	105.72921478060046
45.514707	-73.595262	105.42857967667437
45.514712	-73.595155	105.22794457274827
45.514704	-73.595042	104.92730946882217
45.514701	-73.594923	105.02667436489607
45.514693	-73.594816	104.62603926096999
45.51468	-73.594703	104.22540415704388
45.514675	-73.594585	103.82476905311779
45.514691	-73.594463	103.42413394919168
45.51468	-73.594336	103.1234988452656
45.514675	-73.594211	102.7228637413395
45.514677	-73.594094	102.4222286374134
45.514669	-73.593963	102.02159353348729
45.514664	-73.59384	101.62095842956121
45.51466	-73.59372	101.2203233256351
45.514638	-73.593601	100.91968822170901
45.514636	-73.593474	100.5190531177829
45.514638	-73.593349	100.21841801385682
45.514635	-73.593224	99.91778290993072
45.514626	-73.593099	99.61714780600462
45.514616	-73.592964	99.31651270207853
45.514614	-73.592853	99.11587759815244
45.514613	-73.592759	99.01524249422633
45.51461	-73.592664	98.81460739030024
45.514619	-73.592586	98.61397228637414
45.514619	-73.592517	98.41333718244805
45.514628	-73.592443	98.21270207852194
45.514627	-73.592358	98.11206697459585
45.514617	-73.592268	98.11143187066975
45.514622	-73.592178	97.71079676674366
45.51462	-73.592084	97.31016166281756
45.514608	-73.59198	96.80952655889146
45.514606	-73.591879	96.40889145496536
45.514619	-73.591778	95.90825635103927
45.514646	-73.591678	95.40762124711317
45.514663	-73.591589	95.10698614318707
45.514698	-73.591504	94.60635103926097
45.514744	-73.591423	94.20571593533488
45.514782	-73.591345	93.70508083140878
45.514833	-73.591274	93.30444572748269
45.514868	-73.591212	93.00381062355657
45.514894	-73.591146	92.8031755196305
45.514913	-73.591074	92.50254041570439
45.514919	-73.591013	92.3019053117783
45.514909	-73.590975	92.1012702078522
45.514892	-73.590945	91.9006351039261
